      0/79     4.33G   0.09552   0.02085   0.03982    0.1562        13      1600         0         0  0.001524 0.0002372   0.08097   0.01443   0.02985
      1/79      4.3G   0.07725   0.01648   0.02691    0.1206        13      1600         0         0   0.05155   0.01032   0.06397   0.01176   0.01717
      2/79      4.3G   0.06991   0.01332   0.01739    0.1006        19      1600   0.01606  0.001152   0.04076   0.01005    0.0772  0.008535   0.01327
      3/79      4.3G   0.07256   0.01211   0.01511   0.09977        25      1600    0.3855  0.006467    0.1906   0.06129   0.05974  0.009797   0.01062
      4/79      4.3G   0.06283   0.01256    0.0124   0.08779        11      1600    0.7408   0.05353    0.3361    0.1169   0.05783  0.008985  0.007185
      5/79      4.3G   0.05947   0.01254  0.009466   0.08147         6      1600    0.4181    0.2017    0.3893     0.168   0.05183  0.008615  0.006367
      6/79      4.3G   0.05487   0.01159  0.008321   0.07478        24      1600    0.4645    0.4896    0.4477    0.1376   0.04874  0.008123  0.005611
      7/79      4.3G   0.05117   0.01138  0.006939   0.06948        29      1600    0.3338    0.6856    0.4983    0.2364   0.04177  0.008187  0.005919
      8/79      4.3G   0.04589   0.01088  0.006414   0.06318         8      1600    0.3479    0.7068    0.5108    0.2295   0.04649  0.007506  0.006883
      9/79      4.3G   0.04722   0.01049  0.006076   0.06379         7      1600    0.3779    0.7062    0.5558    0.2666   0.04391  0.007205  0.004456
     10/79      4.3G   0.04545   0.01048  0.005612   0.06154         9      1600    0.3654    0.6786     0.535    0.2724   0.03951  0.007299   0.00514
     11/79      4.3G   0.04361   0.01029  0.006324   0.06023        34      1600     0.331     0.767    0.5864    0.2989   0.04031  0.007153  0.005851
     12/79      4.3G   0.04156   0.01027  0.005238   0.05707         6      1600    0.3622    0.7708    0.5875    0.3121   0.03747  0.007031  0.005097
     13/79      4.3G   0.04115  0.009419  0.005615   0.05618         9      1600    0.4097    0.7561    0.6144    0.3411   0.03768  0.006769  0.004497
     14/79      4.3G   0.04018  0.009843  0.005293   0.05531        25      1600    0.3624    0.7842    0.5968     0.336   0.03718  0.006735  0.005089
     15/79      4.3G   0.03938  0.009008  0.004641   0.05303        11      1600    0.3115    0.7917    0.5871    0.2861   0.04174  0.006648  0.005146
     16/79      4.3G   0.03879  0.009313  0.003994    0.0521        34      1600    0.3935    0.8183    0.6584     0.394   0.03643  0.006561  0.004003
     17/79      4.3G   0.03728  0.008837  0.004179   0.05029        35      1600    0.4178    0.7938     0.676    0.4002   0.03528  0.006409  0.004222
     18/79      4.3G   0.03844  0.009111  0.004254   0.05181        14      1600    0.3668    0.8051     0.672    0.3845   0.03444  0.006661  0.004698
     19/79      4.3G   0.03621  0.008926  0.003941   0.04908        15      1600    0.4536    0.8054    0.6984     0.406   0.03494   0.00633  0.004956
     20/79      4.3G   0.03681  0.008819  0.004215   0.04984        18      1600    0.4113    0.8327    0.7121    0.3697   0.03668  0.006385  0.004951
     21/79      4.3G   0.03488  0.008546  0.004051   0.04748         8      1600    0.4743    0.8077    0.6939    0.4091   0.03452  0.006246  0.005103
     22/79      4.3G    0.0349  0.008666   0.00413    0.0477        13      1600     0.452    0.8133    0.6846    0.4132    0.0329  0.006445  0.006802
     23/79      4.3G   0.03403  0.008286  0.004328   0.04664         3      1600    0.4208    0.8277    0.6984    0.4291   0.03262  0.006384  0.003533
     24/79      4.3G   0.03404  0.008502  0.003459   0.04601        19      1600    0.3911    0.8359    0.6948    0.4276   0.03366  0.006262  0.004413
     25/79      4.3G   0.03399  0.008585    0.0035   0.04608        14      1600    0.4269    0.8261     0.707    0.4323   0.03299  0.006261   0.00387
     26/79      4.3G   0.03331  0.008544  0.003459   0.04531        25      1600    0.4064    0.8359    0.7037    0.4024   0.03531  0.006307  0.003765
     27/79      4.3G   0.03424  0.007804  0.003468   0.04552        14      1600    0.4362     0.818    0.6998    0.4265   0.03256  0.006368  0.004085
     28/79      4.3G   0.03194  0.008233  0.002823   0.04299        26      1600    0.4287    0.8361    0.7198    0.4405   0.03209  0.006214  0.003716
     29/79      4.3G   0.03203   0.00772  0.003005   0.04275        11      1600    0.4991    0.8257    0.7172    0.4575   0.03159  0.006277  0.003613
     30/79      4.3G   0.03211  0.007946  0.002841    0.0429        11      1600    0.4487    0.8278    0.7205    0.4347   0.03321  0.006207  0.004338
     31/79      4.3G   0.03127  0.007914  0.003062   0.04225        35      1600    0.4472    0.8424     0.732    0.4449   0.03232  0.006001  0.003785
     32/79      4.3G   0.03105  0.008101  0.002593   0.04175        39      1600    0.4134    0.8405    0.7302    0.4542    0.0313  0.006079  0.003598
     33/79      4.3G   0.03164  0.008411  0.002546    0.0426        16      1600    0.4517    0.8356    0.7201    0.4555   0.03144  0.006072  0.003676
     34/79      4.3G   0.02974  0.008089  0.002637   0.04047         8      1600    0.4444     0.863    0.7489    0.4756   0.03114  0.005998  0.003716
     35/79      4.3G   0.03051  0.007928  0.002593   0.04103        22      1600    0.4517    0.8579    0.7552     0.488   0.03024  0.005948  0.003744
     36/79      4.3G   0.02941  0.007549  0.002627   0.03958        11      1600    0.4361    0.8623    0.7611    0.4861   0.03035  0.005997  0.003646
     37/79      4.3G   0.03032   0.00794  0.002541    0.0408        17      1600    0.4763    0.8598    0.7592    0.4717   0.03039   0.00595  0.003351
     38/79      4.3G   0.02919  0.007581  0.002897   0.03967        11      1600     0.459     0.857     0.758    0.4891    0.0298   0.00593  0.003524
     39/79      4.3G   0.02818  0.007885  0.003116   0.03918        10      1600    0.4737    0.8476    0.7364    0.4625   0.03069  0.006102  0.003617
     40/79      4.3G   0.02891  0.007904  0.002573   0.03939        15      1600    0.4687    0.8487     0.745    0.4852   0.02985  0.006001  0.002789
     41/79      4.3G    0.0283  0.007616   0.00267   0.03858        19      1600     0.455    0.8563    0.7674    0.4935   0.02972  0.005939  0.002543
     42/79      4.3G   0.02724  0.007382  0.002483   0.03711         8      1600    0.4972    0.8555     0.778    0.5037   0.02916  0.005927  0.002219
     43/79      4.3G   0.02754  0.007699  0.002252   0.03749        12      1600    0.4585    0.8674     0.772    0.4958   0.02968  0.005976  0.002856
     44/79      4.3G   0.02734  0.007925  0.002663   0.03793        16      1600    0.4769    0.8499    0.7816    0.5046   0.02928  0.005934  0.002689
     45/79      4.3G   0.02642  0.007111  0.002323   0.03586        20      1600    0.5123    0.8494    0.7799    0.4976   0.02853  0.005955  0.002494
     46/79      4.3G   0.02722  0.007443  0.002556   0.03722         5      1600    0.4862    0.8511    0.7798    0.5127   0.02876  0.005928  0.002387
     47/79      4.3G   0.02618  0.007338  0.002359   0.03588        19      1600    0.4837    0.8488    0.7644    0.4925   0.02966  0.005915  0.002323
     48/79      4.3G   0.02579  0.006793  0.002452   0.03504         3      1600    0.5019    0.8478    0.7737    0.5088   0.02955  0.005915  0.002473
     49/79      4.3G   0.02542  0.006968  0.002202   0.03459        20      1600    0.4856    0.8552    0.7668    0.5042   0.02906  0.005932  0.002511
     50/79      4.3G   0.02443  0.007327   0.00202   0.03378        15      1600     0.476    0.8451    0.7646    0.4964    0.0294  0.005933   0.00255
     51/79      4.3G   0.02476  0.007674  0.001953   0.03439        19      1600    0.4842    0.8565    0.7794     0.517   0.02844  0.005879   0.00231
     52/79      4.3G   0.02503  0.007183  0.002217   0.03443         7      1600    0.5266    0.8373     0.769    0.5128    0.0286  0.005832  0.002355
     53/79      4.3G   0.02498  0.007259  0.002172   0.03441        21      1600    0.5115    0.8479    0.7782    0.5087   0.02916  0.005804  0.002316
     54/79      4.3G   0.02508   0.00726  0.002358    0.0347        19      1600    0.4879    0.8479    0.7768    0.5145   0.02911  0.005838  0.003226
     55/79      4.3G   0.02427  0.006877  0.002094   0.03324        29      1600    0.4829    0.8614    0.7855    0.5288   0.02838  0.005786  0.003147
     56/79      4.3G   0.02373  0.007068  0.002049   0.03284        15      1600    0.5103    0.8508    0.7779    0.5196    0.0283  0.005813  0.002987
     57/79      4.3G   0.02425  0.006758  0.001792    0.0328        12      1600    0.5076    0.8645    0.7828    0.5155   0.02871  0.005816  0.003145
     58/79      4.3G   0.02428  0.007053  0.002445   0.03377        16      1600    0.5375    0.8513    0.7789    0.5176   0.02864  0.005829    0.0028
     59/79      4.3G   0.02372  0.006714  0.002394   0.03282        38      1600    0.5282    0.8501    0.7773    0.5186   0.02853  0.005845  0.002907
     60/79      4.3G   0.02344  0.006768  0.002169   0.03238        25      1600    0.5229    0.8654    0.7839    0.5171   0.02891   0.00576  0.003217
     61/79      4.3G   0.02322  0.006743  0.001881   0.03185        26      1600    0.5464    0.8577    0.7768    0.5097   0.02864  0.005818  0.002739
     62/79      4.3G    0.0225  0.006561   0.00186   0.03092         3      1600    0.5352    0.8681    0.7767    0.5238   0.02784  0.005837  0.002564
     63/79      4.3G   0.02347  0.006867  0.002141   0.03247        22      1600    0.5053     0.865      0.78    0.5297   0.02777  0.005837  0.002582
     64/79      4.3G   0.02262  0.006578  0.001758   0.03096        28      1600    0.5513    0.8684    0.7916    0.5276   0.02812  0.005861  0.002543
     65/79      4.3G   0.02341  0.006852   0.00227   0.03253         6      1600    0.5307    0.8653    0.7883    0.5338   0.02786  0.005855  0.002554
     66/79      4.3G    0.0221  0.007182   0.00204   0.03132        35      1600    0.5139    0.8733     0.783    0.5344   0.02746  0.005877  0.002882
     67/79      4.3G   0.02235  0.006574  0.001521   0.03044         6      1600    0.5265    0.8601    0.7823    0.5327   0.02745  0.005854  0.002861
     68/79      4.3G   0.02231  0.006728  0.001926   0.03096         9      1600    0.5365    0.8578    0.7854    0.5319   0.02751  0.005884   0.00246
     69/79      4.3G   0.02192  0.006279  0.001511   0.02971        36      1600    0.5554    0.8523    0.7869    0.5391   0.02747  0.005897  0.002414
     70/79      4.3G   0.02203   0.00659  0.002341   0.03096        25      1600    0.5354    0.8483    0.7812    0.5343   0.02764  0.005963  0.002665
     71/79      4.3G   0.02226  0.006536  0.001704   0.03051        17      1600    0.5408    0.8523    0.7856    0.5287   0.02767   0.00593  0.003109
     72/79      4.3G   0.02182    0.0064  0.001814   0.03003         6      1600    0.5529    0.8525     0.785    0.5308   0.02735  0.005903  0.002968
     73/79      4.3G   0.02123   0.00667  0.001651   0.02955        30      1600    0.5543    0.8512     0.782    0.5315   0.02755  0.005846  0.002862
     74/79      4.3G   0.02191  0.006556  0.001871   0.03034         5      1600    0.5415    0.8554    0.7908    0.5336   0.02776  0.005852  0.002705
     75/79      4.3G    0.0217  0.006527  0.001508   0.02974        29      1600     0.552    0.8558    0.7905    0.5337   0.02776  0.005911  0.003342
     76/79      4.3G   0.02202  0.006298  0.001694   0.03001        16      1600    0.5396    0.8602    0.7871    0.5361   0.02738  0.005884  0.003051
     77/79      4.3G   0.02191  0.006594  0.001559   0.03006         5      1600    0.5633    0.8596    0.7897     0.532   0.02745  0.005852   0.00296
     78/79      4.3G   0.02083  0.006333   0.00136   0.02853        10      1600    0.5644    0.8525    0.7861     0.534    0.0273  0.005827  0.003055
     79/79      4.3G   0.02092  0.006281  0.001176   0.02837        23      1600    0.5907     0.841    0.7837    0.5349   0.02731  0.005853  0.003019
